%YAML:1.0
image_width: 640
image_height: 480
board_width: 8
board_height: 6
square_size: 3.
flags: 6144
camera_matrix: !!opencv-matrix
   rows: 3
   cols: 3
   dt: d
   data: [ 5.3240060850615225e+02, 0., 3.4124752149698514e+02, 0.,
       5.3227710280903477e+02, 2.3319629740785189e+02, 0., 0., 1. ]
distortion_coefficients: !!opencv-matrix
   rows: 5
   cols: 1
   dt: d
   data: [ -2.5503887323871122e-01, -2.0147159822513963e-01,
       9.5526528038660083e-04, -7.3124544035518654e-06,
       7.1220096780934672e-01 ]
avg_reprojection_error: 1.5883012791823009e-01
per_view_reprojection_errors: !!opencv-matrix
   rows: 18
   cols: 1
   dt: f
   data: [ 0., 0., 0., 0., 0., 0., 0., 0., 0., 1.51871115e-01,
       1.50589019e-01, 1.55348882e-01, 1.83382004e-01, 1.41548216e-01,
       1.70157135e-01, 1.63551182e-01, 1.41611174e-01, 1.66574016e-01 ]
extrinsic_parameters: !!opencv-matrix
   rows: 9
   cols: 6
   dt: d
   data: [ -1.7320169480910441e-01, -4.6624109376165362e-01,
       1.3473816179602005e+00, 5.4747704171116993e+00,
       -1.2810337534432749e+01, 3.7298261759316311e+01,
       4.1422195249749816e-01, 6.5624149122339248e-01,
       -1.3375662037177933e+00, -6.6378687711765512e+00,
       7.7911164837453040e+00, 4.0329189004223174e+01,
       4.6396570968959988e-01, -2.8139166357039447e-01,
       1.2385538355191472e+00, 4.1151475037918939e+00,
       -1.0814469665619177e+01, 3.4706782228597973e+01,
       -1.1467729128269628e-01, 2.4144331124389770e-01,
       -2.4217110233871022e-03, -8.8206815907677552e+00,
       -7.9512807378478705e+00, 3.8802109998936906e+01,
       -2.9446062733093109e-01, 4.3200149210808569e-01,
       1.3126534381311243e+00, 7.6749428599874863e+00,
       -1.1076373818111259e+01, 3.6497187234711980e+01,
       -2.4114930250113503e-01, 3.5139380883629073e-01,
       1.5303902679120180e+00, 6.1776896036817126e+00,
       -9.3520343284285659e+00, 3.7360478620633053e+01,
       -3.2279887048018341e-01, 1.6206162177899383e-01,
       -1.2410631888015147e+00, -1.7788195847356466e+01,
       7.1649426282726703e+00, 5.0218592404582537e+01,
       -4.2165979615256050e-01, -4.9457999145518455e-01,
       1.3373681351394393e+00, 5.7087416006471896e+00,
       -1.3135683724606631e+01, 4.0364871923688057e+01,
       1.9832438580754458e-01, -4.2370854488428933e-01,
       1.3305489552599647e-01, -7.8877744814066872e+00,
       -9.5689893146155445e+00, 3.3181634150949193e+01 ]
image_points: !!opencv-matrix
   rows: 9
   cols: 48
   dt: "2f"
   data: [ 4.16294556e+02, 5.73459167e+01, 4.21864868e+02,
       9.76718063e+01, 4.27285309e+02, 1.38128586e+02, 4.32282623e+02,
       1.77879089e+02, 4.36680115e+02, 2.16690170e+02, 4.40844574e+02,
       2.54490860e+02, 4.44423309e+02, 2.90700562e+02, 4.47860840e+02,
       3.25575623e+02, 3.80864441e+02, 6.01984978e+01, 3.87012115e+02,
       1.02234627e+02, 3.92795258e+02, 1.44084686e+02, 3.98229584e+02,
       1.85231781e+02, 4.03402405e+02, 2.25415070e+02, 4.08172241e+02,
       2.64162781e+02, 4.12589111e+02, 3.01507172e+02, 4.16659485e+02,
       3.37172211e+02, 3.42650360e+02, 6.39908142e+01, 3.49344543e+02,
       1.07348198e+02, 3.55575348e+02, 1.50708771e+02, 3.61665833e+02,
       1.93320206e+02, 3.67558807e+02, 2.34682968e+02, 3.73128448e+02,
       2.74636230e+02, 3.78397827e+02, 3.12846588e+02, 3.83430786e+02,
       3.49319519e+02, 3.01831360e+02, 6.85025024e+01, 3.08606049e+02,
       1.13387024e+02, 3.15774994e+02, 1.58226074e+02, 3.22429749e+02,
       2.02059357e+02, 3.29213837e+02, 2.44605240e+02, 3.35691711e+02,
       2.85511444e+02, 3.42056519e+02, 3.24716553e+02, 3.47938263e+02,
       3.61746460e+02, 2.58325562e+02, 7.41759720e+01, 2.65648590e+02,
       1.20343941e+02, 2.73182526e+02, 1.66457779e+02, 2.80653076e+02,
       2.11473251e+02, 2.88353790e+02, 2.55044922e+02, 2.95914093e+02,
       2.96884857e+02, 3.03450531e+02, 3.37009247e+02, 3.10638428e+02,
       3.74661194e+02, 2.12636536e+02, 8.05985107e+01, 2.20407913e+02,
       1.28113495e+02, 2.28467133e+02, 1.75198227e+02, 2.36967041e+02,
       2.21386032e+02, 2.45638748e+02, 2.66103821e+02, 2.54309723e+02,
       3.08692932e+02, 2.63061127e+02, 3.49228271e+02, 2.71656281e+02,
       3.87446564e+02, 2.55237549e+02, 3.34424438e+02, 2.54305267e+02,
       3.08908417e+02, 2.53283173e+02, 2.80398499e+02, 2.52632645e+02,
       2.48559570e+02, 2.51751678e+02, 2.12814545e+02, 2.51259506e+02,
       1.72682373e+02, 2.51095459e+02, 1.27983505e+02, 2.51463165e+02,
       7.81900940e+01, 2.92614044e+02, 3.43450134e+02, 2.93632965e+02,
       3.18090576e+02, 2.95141296e+02, 2.89763519e+02, 2.96853302e+02,
       2.58062897e+02, 2.98762482e+02, 2.22360321e+02, 3.01109711e+02,
       1.82124344e+02, 3.03762482e+02, 1.36982285e+02, 3.07079071e+02,
       8.67114258e+01, 3.30835083e+02, 3.52219543e+02, 3.34245605e+02,
       3.27160858e+02, 3.38061584e+02, 2.99222717e+02, 3.42266449e+02,
       2.67763550e+02, 3.47084686e+02, 2.32245407e+02, 3.52377838e+02,
       1.92209793e+02, 3.58425873e+02, 1.46961563e+02, 3.65127716e+02,
       9.67776413e+01, 3.69524048e+02, 3.60486084e+02, 3.75276794e+02,
       3.36097015e+02, 3.81599518e+02, 3.08354095e+02, 3.88453735e+02,
       2.77457001e+02, 3.96135834e+02, 2.42338501e+02, 4.04605469e+02,
       2.02723633e+02, 4.13966675e+02, 1.57759872e+02, 4.24129974e+02,
       1.07841232e+02, 4.08463379e+02, 3.68606415e+02, 4.16431488e+02,
       3.44543610e+02, 4.25239075e+02, 3.17361603e+02, 4.34802765e+02,
       2.86784424e+02, 4.45283203e+02, 2.52392487e+02, 4.56842529e+02,
       2.13546295e+02, 4.69520599e+02, 1.69354111e+02, 4.83134064e+02,
       1.20094322e+02, 4.46713226e+02, 3.76142548e+02, 4.56986298e+02,
       3.52431885e+02, 4.68076294e+02, 3.25776184e+02, 4.80230042e+02,
       2.96078003e+02, 4.93467560e+02, 2.62406525e+02, 5.07862915e+02,
       2.24147568e+02, 5.23488831e+02, 1.81126923e+02, 5.40095825e+02,
       1.33088364e+02, 4.02314636e+02, 7.23091125e+01, 4.14144958e+02,
       1.13061966e+02, 4.25059540e+02, 1.52029160e+02, 4.35064178e+02,
       1.88852020e+02, 4.44103851e+02, 2.23225082e+02, 4.52411835e+02,
       2.55393417e+02, 4.59754425e+02, 2.85363129e+02, 4.66571655e+02,
       3.13353638e+02, 3.59874603e+02, 8.46386642e+01, 3.72686310e+02,
       1.24827484e+02, 3.84691803e+02, 1.63204910e+02, 3.95855133e+02,
       1.99319702e+02, 4.06158905e+02, 2.33148804e+02, 4.15619629e+02,
       2.64707703e+02, 4.24353363e+02, 2.94185547e+02, 4.32256958e+02,
       3.21656189e+02, 3.18102905e+02, 9.74185791e+01, 3.31887756e+02,
       1.36931274e+02, 3.44903900e+02, 1.74395844e+02, 3.57281342e+02,
       2.09769135e+02, 3.68573822e+02, 2.42932877e+02, 3.79391205e+02,
       2.73896515e+02, 3.89170258e+02, 3.02773834e+02, 3.98341858e+02,
       3.29613434e+02, 2.77632721e+02, 1.10341431e+02, 2.92281464e+02,
       1.48712479e+02, 3.06244263e+02, 1.85598206e+02, 3.19522400e+02,
       2.19983261e+02, 3.31911865e+02, 2.52440262e+02, 3.43662445e+02,
       2.82585876e+02, 3.54661499e+02, 3.11073730e+02, 3.64872681e+02,
       3.37295441e+02, 2.38640305e+02, 1.23193718e+02, 2.53890610e+02,
       1.60651154e+02, 2.68693085e+02, 1.96435822e+02, 2.82860168e+02,
       2.30028992e+02, 2.96256317e+02, 2.61475769e+02, 3.08893433e+02,
       2.90959015e+02, 3.20855194e+02, 3.18868896e+02, 3.32145691e+02,
       3.44520477e+02, 2.01762619e+02, 1.35729767e+02, 2.17517487e+02,
       1.72256775e+02, 2.33057739e+02, 2.06822403e+02, 2.47819809e+02,
       2.39517273e+02, 2.61913055e+02, 2.70222656e+02, 2.75451111e+02,
       2.98934052e+02, 2.88345001e+02, 3.25872528e+02, 3.00398468e+02,
       3.51020996e+02, 2.23256119e+02, 1.27096336e+02, 2.60337494e+02,
       1.23724937e+02, 2.99314636e+02, 1.20209496e+02, 3.40140442e+02,
       1.17283981e+02, 3.82412292e+02, 1.14390640e+02, 4.25844391e+02,
       1.12191170e+02, 4.70293640e+02, 1.10209129e+02, 5.14561768e+02,
       1.09157974e+02, 2.20934280e+02, 1.65869476e+02, 2.58520172e+02,
