%YAML:1.0
calibration_time: "Sun 21 Feb 2016 06:12:08 PM MST"
nframes: 10
image_width: 640
image_height: 480
board_width: 7
board_height: 6
square_size: 3.
aspectRatio: 1.
flags: 2
camera_matrix: !!opencv-matrix
   rows: 3
   cols: 3
   dt: d
   data: [ 5.3392117640522258e+02, 0., 3.4225301013571180e+02, 0.,
       5.3392117640522258e+02, 2.3346512397561986e+02, 0., 0., 1. ]
distortion_coefficients: !!opencv-matrix
   rows: 5
   cols: 1
   dt: d
   data: [ -2.9481016184173808e-01, 1.1329737313049734e-01,
       1.5448722971930446e-03, -4.0844667960205035e-05,
       3.7398043008487321e-02 ]
avg_reprojection_error: 1.5424804020005953e-01
per_view_reprojection_errors: !!opencv-matrix
   rows: 10
   cols: 1
   dt: f
   data: [ 1.73732206e-01, 1.14698201e-01, 1.43027708e-01,
       1.71869785e-01, 1.40869439e-01, 1.32099941e-01, 1.33882672e-01,
       2.00317249e-01, 1.72343791e-01, 1.39790326e-01 ]
extrinsic_parameters: !!opencv-matrix
   rows: 10
   cols: 6
   dt: d
   data: [ -4.3148390134105902e-01, 2.5744849708762052e-01,
       -3.0881437666805778e+00, 1.1329664496941296e+01,
       2.6528435054107091e+00, 4.4560297444992138e+01,
       4.1684292063008721e-01, 6.5613450464652145e-01,
       -1.3367619483826847e+00, -6.4241668224719408e+00,
       5.4993894316916609e+00, 3.8418807279557377e+01,
       -2.6312828547972361e-01, -3.9194758081830489e-01,
       -2.7484183766245955e+00, 9.0694834826562296e+00,
       8.2100500361203075e+00, 2.9704430100729901e+01,
       -3.7688758805660028e-01, -1.7864799558733754e-01,
       -3.1164298341357632e+00, 8.4242826564806119e+00,
       6.6388314081678388e+00, 3.2873002758445857e+01,
       -4.5810650627726213e-01, -3.1375885026425682e-01,
       -1.7617738056417596e+00, -3.4584606427726681e+00,
       7.9958237236705711e+00, 2.8682495733305533e+01,
       -2.9827455980172557e-01, 3.9158558270940808e-01,
       -1.4347686773789303e+00, 4.7437920109785674e+00,
       1.1390115326260977e+01, 4.8348861271043120e+01,
       -3.1827249564972293e-01, 1.5927789967851017e-01,
       -1.2414848550917463e+00, -1.7897937159425247e+01,
       7.1373065741146471e+00, 5.0303805254658990e+01,
       -4.5697886362218998e-01, -8.8539245824433427e-02,
       -1.3354344237864324e+00, -9.8849702763867420e+00,
       6.4402392017161576e+00, 3.5168802282198349e+01,
       -3.5162381937603848e-01, -2.4361144439162591e-01,
       -1.5691253730495072e+00, -8.7425256337835737e+00,
       7.8313237084797533e+00, 3.1717677597074946e+01,
       4.9286099579467130e-01, -1.8220126693230201e-01,
       -1.7333361776044576e+00, -4.9528847242737060e+00,
       1.0785552352993735e+01, 3.6337603060183774e+01 ]
