%YAML:1.0
calibration_time: "Sun 21 Feb 2016 06:12:35 PM MST"
nframes: 9
image_width: 640
image_height: 480
board_width: 7
board_height: 6
square_size: 3.
aspectRatio: 1.
flags: 2
camera_matrix: !!opencv-matrix
   rows: 3
   cols: 3
   dt: d
   data: [ 5.3658466628198528e+02, 0., 3.2505507727370571e+02, 0.,
       5.3658466628198528e+02, 2.4806927492652673e+02, 0., 0., 1. ]
distortion_coefficients: !!opencv-matrix
   rows: 5
   cols: 1
   dt: d
   data: [ -3.0075026109606101e-01, 1.9513094084757002e-01,
       -5.8545030011873137e-05, 5.8921003544827979e-04,
       -1.7249019252733738e-01 ]
avg_reprojection_error: 1.6086000465601782e-01
per_view_reprojection_errors: !!opencv-matrix
   rows: 9
   cols: 1
   dt: f
   data: [ 1.69117764e-01, 1.34141162e-01, 1.56836346e-01,
       1.43555567e-01, 1.85272455e-01, 1.36211991e-01, 2.05979601e-01,
       1.53992578e-01, 1.48533046e-01 ]
extrinsic_parameters: !!opencv-matrix
   rows: 9
   cols: 6
   dt: d
   data: [ -4.3691469143529565e-01, 2.6881482728926098e-01,
       -3.0893667280433670e+00, 1.7366482306199538e+00,
       2.4503379827461642e+00, 4.4514388805742556e+01,
       -2.7439004965041514e-01, -3.8076423227725609e-01,
       -2.7511203505253476e+00, -6.5203490318765833e-01,
       8.1014085262109941e+00, 2.9631581584293794e+01,
       -1.0893615379796026e-01, 2.4785232145509026e-01,
       -4.7712794961326487e-03, -1.5679097043953373e+01,
       -8.1182124297111393e+00, 3.8110884432799295e+01,
       -3.0130292981241730e-01, 3.9987711218986249e-01,
       -1.4361825448346981e+00, -4.8182646811283441e+00,
       1.1191858188135505e+01, 4.8357866153828354e+01,
       6.2413204783367626e-01, 3.0879850474826404e-01,
       -2.9338622278124085e+00, -1.1321864322700605e+00,
       6.6120169606276358e+00, 4.4485552758165923e+01,
       5.1810300829720390e-01, -4.3138337219815215e-01,
       -1.7071254973662651e+00, -1.2892464827890068e+01,
       1.0176372855898185e+01, 3.4246775819946208e+01,
       -3.5374688531759574e-01, -2.3487331620988189e-01,
       -1.5716485956077584e+00, -1.8431136302644457e+01,
       7.7771008691853147e+00, 3.1773219593371540e+01,
       3.0890299177633612e-01, 5.1354865409956607e-01,
       -1.8317600136601737e+00, -1.3303963959580557e+01,
       1.0356299763185849e+01, 4.7069111029522297e+01,
       4.9200024579421198e-01, -1.7009314587991975e-01,
       -1.7390466038451242e+00, -1.4612223510874006e+01,
       1.0691657534601227e+01, 3.6428315625403805e+01 ]
