%YAML:1.0
image_width: 640
image_height: 480
board_width: 8
board_height: 6
square_size: 3.
flags: 6144
camera_matrix: !!opencv-matrix
   rows: 3
   cols: 3
   dt: d
   data: [ 5.3703957299134174e+02, 0., 3.2642003043895335e+02, 0.,
       5.3671154432055187e+02, 2.4892373390395494e+02, 0., 0., 1. ]
distortion_coefficients: !!opencv-matrix
   rows: 5
   cols: 1
   dt: d
   data: [ -2.9726752338786649e-01, 1.5374804820837254e-01,
       -6.1125972676986538e-04, 4.0139422771201370e-04,
       -7.4497545043147026e-02 ]
avg_reprojection_error: 1.7032468149556779e-01
per_view_reprojection_errors: !!opencv-matrix
   rows: 24
   cols: 1
   dt: f
   data: [ 0., 0., 0., 0., 0., 0., 0., 0., 0., 0., 0., 0.,
       1.70618296e-01, 1.70934945e-01, 1.43634424e-01, 1.82883397e-01,
       1.51915178e-01, 1.64348453e-01, 1.51144668e-01, 1.65693343e-01,
       2.03838646e-01, 1.56642884e-01, 1.99593157e-01, 1.71485201e-01 ]
extrinsic_parameters: !!opencv-matrix
   rows: 12
   cols: 6
   dt: d
   data: [ 1.7311810681416756e-01, 2.7960199855066431e-01,
       1.0451338387077123e-02, -1.5888551843006216e+01,
       -1.3011543553652585e+01, 4.6896875787909728e+01,
       4.2129389911161641e-01, 6.6234018873608491e-01,
       -1.3397235575824546e+00, -1.6454628879147080e+01,
       7.6006502447526882e+00, 4.0457726189823326e+01,
       -2.7006563644782600e-01, 1.9373997860566375e-01,
       3.5237750964041098e-01, -1.1838133820333180e+01,
       -1.1129868169005228e+01, 3.7250730254249028e+01,
       -1.0912641623144591e-01, 2.4487237637524864e-01,
       -4.7686484193928238e-03, -1.8684635963202822e+01,
       -8.1202759166044380e+00, 3.8813955255273143e+01,
       -2.8493400853337980e-01, 4.3236316861144630e-01,
       1.3104800858513856e+00, -2.2117004643020466e+00,
       -1.1285332562741068e+01, 3.6413823330442789e+01,
       -3.0087041056212294e-01, 4.0169451722538074e-01,
       -1.4357055505169363e+00, -4.9326510151883385e+00,
       1.1112178123621163e+01, 4.8358090432989115e+01,
       -3.1753065521673385e-01, 1.6971638215206072e-01,
       -1.2426727602301439e+00, -2.7563789750428878e+01,
       6.9237960118906310e+00, 5.0407944129908913e+01,
       -1.6413003541208565e-01, -4.6985304635667369e-01,
       1.3423094878959503e+00, -4.4048260766643113e+00,
       -1.3018364829459207e+01, 3.7208861735504399e+01,
       2.0864868926519359e-01, -4.2082733554301849e-01,
       1.2746329430054695e-01, -1.7774550502754192e+01,
       -9.6887057640169942e+00, 3.3145299092175172e+01,
       -4.1087433419637398e-01, -4.9666150003140075e-01,
       1.3328031059263525e+00, -4.1606839018381239e+00,
       -1.3372706461175826e+01, 4.0269746663495695e+01,
       -2.3335138501729291e-01, 3.4935887276087307e-01,
       1.5281366368397977e+00, -3.6992989887510506e+00,
       -9.5616079232930549e+00, 3.7317069385518955e+01,
       4.7213518778604191e-01, -2.8564156798365459e-01,
       1.2333456577388155e+00, -5.7712167482559016e+00,
       -1.1001060551279240e+01, 3.4654735828467409e+01 ]
image_points: !!opencv-matrix
   rows: 12
   cols: 48
   dt: "2f"
   data: [ 1.53828384e+02, 1.07839745e+02, 1.81373917e+02,
       1.05091309e+02, 2.10973267e+02, 1.02411697e+02, 2.41482910e+02,
       1.00091209e+02, 2.74369110e+02, 9.79860229e+01, 3.08526398e+02,
       9.60569305e+01, 3.44047424e+02, 9.42468719e+01, 3.80814117e+02,
       9.30852585e+01, 1.54646713e+02, 1.40035095e+02, 1.82243683e+02,
       1.38161743e+02, 2.11302551e+02, 1.36324570e+02, 2.42431747e+02,
       1.34782898e+02, 2.74815857e+02, 1.33581741e+02, 3.08911011e+02,
       1.32242615e+02, 3.44680328e+02, 1.31384750e+02, 3.81290985e+02,
       1.30572144e+02, 1.55428970e+02, 1.72203995e+02, 1.83139954e+02,
       1.71473969e+02, 2.12427856e+02, 1.70366684e+02, 2.43153534e+02,
       1.69920502e+02, 2.75354797e+02, 1.69247726e+02, 3.09415009e+02,
       1.68598007e+02, 3.45020721e+02, 1.68387970e+02, 3.81549866e+02,
       1.68350113e+02, 1.57050964e+02, 2.04298569e+02, 1.84595200e+02,
       2.04330948e+02, 2.13379425e+02, 2.04273987e+02, 2.44068970e+02,
       2.04381348e+02, 2.76392639e+02, 2.04542099e+02, 3.10110870e+02,
       2.05046524e+02, 3.45336273e+02, 2.05532486e+02, 3.81727753e+02,
       2.06095749e+02, 1.58949936e+02, 2.36244110e+02, 1.86232986e+02,
       2.37157806e+02, 2.15036636e+02, 2.37984848e+02, 2.45316696e+02,
       2.38793518e+02, 2.77297302e+02, 2.39987152e+02, 3.10706268e+02,
       2.40864243e+02, 3.45646210e+02, 2.42042938e+02, 3.81636017e+02,
       2.43305222e+02, 1.60941559e+02, 2.67606567e+02, 1.88204834e+02,
       2.69033844e+02, 2.16894318e+02, 2.70562775e+02, 2.46811646e+02,
       2.72303162e+02, 2.78412292e+02, 2.74135559e+02, 3.11328003e+02,
       2.75842926e+02, 3.45999115e+02, 2.77698242e+02, 3.81423767e+02,
       2.79427917e+02, 1.20215668e+02, 3.44349182e+02, 1.12852547e+02,
       3.19478088e+02, 1.05203850e+02, 2.91915314e+02, 9.69336395e+01,
       2.61355408e+02, 8.83627701e+01, 2.27325684e+02, 7.96359940e+01,
       1.89410889e+02, 7.04234085e+01, 1.47435043e+02, 6.20465126e+01,
       1.01162003e+02, 1.53475754e+02, 3.53650940e+02, 1.47750885e+02,
       3.28815247e+02, 1.41623917e+02, 3.01451172e+02, 1.35062912e+02,
       2.70562866e+02, 1.28214264e+02, 2.36161926e+02, 1.21215538e+02,
       1.97458633e+02, 1.13913139e+02, 1.54473495e+02, 1.06699120e+02,
       1.06497322e+02, 1.88651169e+02, 3.63279114e+02, 1.84521240e+02,
       3.38536255e+02, 1.80322586e+02, 3.11077026e+02, 1.75833755e+02,
       2.80379822e+02, 1.71095810e+02, 2.45469940e+02, 1.66125198e+02,
       2.06520920e+02, 1.61136642e+02, 1.62361893e+02, 1.56330338e+02,
       1.13350769e+02, 2.25141388e+02, 3.72384094e+02, 2.23187531e+02,
       3.48312988e+02, 2.21063431e+02, 3.20836914e+02, 2.18898529e+02,
       2.90283173e+02, 2.16630081e+02, 2.55240356e+02, 2.14276047e+02,
       2.15915833e+02, 2.12087357e+02, 1.71121918e+02, 2.10152618e+02,
       1.21022263e+02, 2.63271759e+02, 3.81677490e+02, 2.63241821e+02,
       3.57775787e+02, 2.63531769e+02, 3.30672424e+02, 2.63959045e+02,
       3.00039551e+02, 2.64660706e+02, 2.65323303e+02, 2.65131500e+02,
       2.26179932e+02, 2.66388031e+02, 1.80977722e+02, 2.67999573e+02,
       1.30138016e+02, 3.01719360e+02, 3.90706268e+02, 3.04460449e+02,
       3.66947540e+02, 3.07191864e+02, 3.40343475e+02, 3.10480591e+02,
       3.10171021e+02, 3.14076324e+02, 2.75664856e+02, 3.18125946e+02,
       2.36375214e+02, 3.22855774e+02, 1.91313507e+02, 3.28279449e+02,
       1.40451019e+02, 1.64480850e+02, 9.69319229e+01, 1.98349304e+02,
       1.05158371e+02, 2.34514603e+02, 1.14309311e+02, 2.73299500e+02,
       1.24412865e+02, 3.14247528e+02, 1.35590942e+02, 3.57399811e+02,
       1.47666458e+02, 4.02256256e+02, 1.60869522e+02, 4.48057556e+02,
       1.75112717e+02, 1.45705429e+02, 1.31237701e+02, 1.79651459e+02,
       1.40764771e+02, 2.16073608e+02, 1.51330353e+02, 2.55061554e+02,
       1.62702942e+02, 2.96723602e+02, 1.75257324e+02, 3.40616516e+02,
       1.88668396e+02, 3.86449585e+02, 2.02978470e+02, 4.33647339e+02,
       2.18111481e+02, 1.26554764e+02, 1.67425430e+02, 1.60475189e+02,
       1.78564789e+02, 1.96962143e+02, 1.90490005e+02, 2.36283127e+02,
       2.03408859e+02, 2.78192505e+02, 2.17366592e+02, 3.22768036e+02,
       2.32017212e+02, 3.69598175e+02, 2.47603912e+02, 4.17631683e+02,
       2.63630524e+02, 1.07830627e+02, 2.05374695e+02, 1.41318176e+02,
       2.17951462e+02, 1.77789276e+02, 2.31461365e+02, 2.17049194e+02,
       2.45946518e+02, 2.59282501e+02, 2.61305176e+02, 3.04229645e+02,
       2.77493683e+02, 3.51639526e+02, 2.94417480e+02, 4.00399048e+02,
       3.11535187e+02, 8.91873322e+01, 2.44652679e+02, 1.22423752e+02,
       2.58874939e+02, 1.58535767e+02, 2.73989716e+02, 1.97795013e+02,
       2.90092682e+02, 2.40032303e+02, 3.06912872e+02, 2.85063049e+02,
       3.24545746e+02, 3.32818665e+02, 3.42693604e+02, 3.81972168e+02,
       3.61026764e+02, 7.11207047e+01, 2.84463867e+02, 1.04039734e+02,
